Size: 68
0.0 0.0
1000.0 0.0
1060.0 0.0
1119.0 5.0
1177.0 16.0
1234.0 33.0
1289.0 55.0
1341.0 83.0
1390.0 116.0
1436.0 154.0
1478.0 196.0
1516.0 242.0
1549.0 291.0
1577.0 343.0
1599.0 398.0
1616.0 455.0
1627.0 513.0
1632.0 572.0
1632.0 632.0
1627.0 691.0
1616.0 749.0
1599.0 806.0
1577.0 861.0
1549.0 913.0
1516.0 962.0
1478.0 1008.0
1436.0 1050.0
1390.0 1088.0
1341.0 1121.0
1289.0 1149.0
1234.0 1171.0
1177.0 1188.0
1119.0 1199.0
1060.0 1204.0
1000.0 1204.0
0.0 1204.0
-60.0 1204.0
-119.0 1199.0
-177.0 1188.0
-234.0 1171.0
-289.0 1149.0
-341.0 1121.0
-390.0 1088.0
-436.0 1050.0
-478.0 1008.0
-516.0 962.0
-549.0 913.0
-577.0 861.0
-599.0 806.0
-616.0 749.0
-627.0 691.0
-632.0 632.0
-632.0 572.0
-627.0 513.0
-616.0 455.0
-599.0 398.0
-577.0 343.0
-549.0 291.0
-516.0 242.0
-478.0 196.0
-436.0 154.0
-390.0 116.0
-341.0 83.0
-289.0 55.0
-234.0 33.0
-177.0 16.0
-119.0 5.0
-60.0 0.0
