Size: 236
75.0 110.0
118.0 89.0
157.0 70.0
191.0 59.0
230.0 53.0
252.0 53.0
274.0 53.0
304.0 58.0
310.0 87.0
301.0 122.0
276.0 155.0
245.0 186.0
226.0 207.0
206.0 223.0
186.0 243.0
163.0 262.0
151.0 280.0
158.0 304.0
177.0 314.0
205.0 316.0
226.0 316.0
262.0 301.0
291.0 282.0
324.0 261.0
339.0 247.0
360.0 225.0
380.0 199.0
403.0 168.0
420.0 144.0
440.0 123.0
458.0 110.0
477.0 99.0
511.0 90.0
537.0 89.0
575.0 115.0
585.0 138.0
588.0 166.0
588.0 196.0
578.0 230.0
555.0 275.0
525.0 322.0
495.0 375.0
468.0 420.0
432.0 455.0
399.0 488.0
380.0 508.0
362.0 524.0
353.0 542.0
350.0 567.0
350.0 591.0
353.0 618.0
377.0 633.0
398.0 634.0
427.0 632.0
457.0 616.0
492.0 583.0
519.0 550.0
550.0 513.0
578.0 473.0
618.0 420.0
660.0 362.0
693.0 311.0
730.0 266.0
763.0 225.0
794.0 196.0
830.0 173.0
866.0 148.0
918.0 118.0
951.0 103.0
974.0 102.0
1010.0 124.0
1025.0 144.0
1027.0 168.0
1027.0 209.0
1021.0 260.0
1004.0 323.0
969.0 392.0
930.0 453.0
897.0 496.0
862.0 531.0
813.0 564.0
775.0 585.0
744.0 602.0
713.0 625.0
687.0 654.0
679.0 681.0
676.0 704.0
673.0 740.0
678.0 770.0
700.0 782.0
747.0 783.0
793.0 777.0
840.0 756.0
879.0 724.0
912.0 699.0
950.0 663.0
989.0 620.0
1023.0 573.0
1052.0 520.0
1089.0 467.0
1110.0 415.0
1135.0 370.0
1159.0 325.0
1183.0 283.0
1217.0 240.0
1260.0 201.0
1304.0 165.0
1327.0 152.0
1349.0 148.0
1370.0 171.0
1377.0 195.0
1378.0 227.0
1378.0 266.0
1374.0 302.0
1370.0 326.0
1360.0 351.0
1351.0 377.0
1341.0 401.0
1323.0 431.0
1298.0 469.0
1278.0 499.0
1256.0 532.0
1235.0 566.0
1212.0 600.0
1190.0 632.0
1174.0 669.0
1161.0 699.0
1150.0 729.0
1141.0 752.0
1137.0 781.0
1144.0 809.0
1164.0 825.0
1192.0 822.0
1211.0 813.0
1235.0 801.0
1264.0 777.0
1296.0 747.0
1323.0 707.0
1343.0 675.0
1367.0 641.0
1386.0 597.0
1401.0 556.0
1420.0 509.0
1435.0 455.0
1454.0 402.0
1474.0 343.0
1493.0 291.0
1503.0 249.0
1516.0 211.0
1531.0 177.0
1546.0 148.0
1563.0 127.0
1585.0 121.0
1608.0 119.0
1637.0 128.0
1661.0 147.0
1680.0 190.0
1689.0 211.0
1695.0 244.0
1703.0 292.0
1705.0 344.0
1705.0 401.0
1705.0 454.0
1705.0 517.0
1696.0 591.0
1682.0 654.0
1669.0 711.0
1658.0 757.0
1648.0 785.0
1641.0 806.0
1625.0 828.0
1599.0 852.0
1569.0 864.0
1524.0 887.0
1479.0 914.0
1456.0 923.0
1432.0 927.0
1402.0 928.0
1375.0 928.0
1310.0 936.0
1276.0 939.0
1255.0 939.0
1224.0 939.0
1168.0 951.0
1119.0 960.0
1076.0 953.0
994.0 953.0
957.0 953.0
924.0 952.0
864.0 947.0
798.0 945.0
755.0 931.0
716.0 922.0
690.0 917.0
659.0 912.0
616.0 904.0
581.0 902.0
530.0 902.0
504.0 895.0
478.0 889.0
448.0 882.0
426.0 875.0
396.0 863.0
371.0 855.0
342.0 847.0
311.0 835.0
290.0 832.0
263.0 826.0
249.0 805.0
234.0 788.0
215.0 769.0
185.0 736.0
166.0 712.0
149.0 687.0
137.0 662.0
126.0 640.0
116.0 618.0
106.0 591.0
99.0 560.0
94.0 532.0
90.0 500.0
86.0 465.0
80.0 436.0
79.0 412.0
77.0 388.0
76.0 364.0
76.0 335.0
76.0 305.0
76.0 281.0
76.0 260.0
76.0 237.0
76.0 210.0
72.0 187.0
67.0 166.0
67.0 145.0
69.0 124.0
