Size: 162
435.0 308.0
455.0 291.0
477.0 269.0
500.0 251.0
522.0 232.0
539.0 219.0
561.0 203.0
588.0 193.0
617.0 184.0
643.0 176.0
687.0 176.0
722.0 176.0
757.0 176.0
785.0 179.0
805.0 185.0
831.0 195.0
855.0 208.0
876.0 222.0
894.0 242.0
903.0 261.0
909.0 285.0
913.0 307.0
916.0 333.0
922.0 353.0
938.0 372.0
962.0 381.0
985.0 381.0
1010.0 369.0
1023.0 352.0
1036.0 332.0
1044.0 310.0
1047.0 281.0
1053.0 259.0
1064.0 235.0
1080.0 214.0
1098.0 202.0
1117.0 192.0
1144.0 193.0
1169.0 204.0
1187.0 217.0
1202.0 243.0
1207.0 272.0
1205.0 300.0
1196.0 329.0
1179.0 354.0
1163.0 371.0
1142.0 390.0
1117.0 412.0
1101.0 434.0
1091.0 458.0
1091.0 483.0
1096.0 506.0
1109.0 525.0
1124.0 545.0
1142.0 561.0
1169.0 573.0
1189.0 599.0
1212.0 625.0
1232.0 652.0
1263.0 683.0
1296.0 736.0
1317.0 786.0
1326.0 821.0
1326.0 849.0
1317.0 872.0
1297.0 886.0
1277.0 892.0
1256.0 892.0
1235.0 893.0
1207.0 894.0
1182.0 894.0
1161.0 890.0
1136.0 885.0
1115.0 875.0
1095.0 862.0
1075.0 849.0
1053.0 837.0
1026.0 828.0
999.0 821.0
974.0 820.0
950.0 820.0
920.0 820.0
893.0 820.0
869.0 825.0
843.0 832.0
822.0 835.0
792.0 840.0
763.0 841.0
733.0 843.0
710.0 843.0
686.0 842.0
662.0 842.0
638.0 831.0
634.0 805.0
644.0 786.0
662.0 769.0
682.0 756.0
705.0 744.0
736.0 731.0
764.0 721.0
784.0 710.0
807.0 696.0
823.0 681.0
834.0 651.0
834.0 624.0
833.0 593.0
833.0 571.0
823.0 546.0
813.0 525.0
799.0 506.0
775.0 496.0
750.0 490.0
717.0 490.0
683.0 492.0
639.0 499.0
610.0 508.0
588.0 514.0
555.0 531.0
533.0 542.0
514.0 552.0
489.0 572.0
461.0 600.0
446.0 618.0
431.0 638.0
409.0 669.0
393.0 690.0
380.0 707.0
360.0 725.0
338.0 734.0
317.0 739.0
288.0 740.0
262.0 740.0
232.0 740.0
206.0 735.0
178.0 715.0
159.0 696.0
148.0 677.0
139.0 656.0
134.0 630.0
116.0 591.0
108.0 565.0
103.0 538.0
98.0 511.0
96.0 486.0
96.0 457.0
96.0 426.0
97.0 398.0
100.0 376.0
108.0 356.0
117.0 336.0
130.0 317.0
149.0 307.0
170.0 303.0
192.0 300.0
216.0 301.0
238.0 303.0
258.0 309.0
279.0 320.0
298.0 328.0
317.0 339.0
336.0 347.0
398.0 346.0
