Size: 88
373.0 160.0
693.0 102.0
982.0 152.0
1141.0 249.0
1177.0 329.0
1144.0 415.0
1062.0 420.0
1007.0 368.0
989.0 304.0
944.0 237.0
874.0 232.0
818.0 248.0
807.0 292.0
806.0 362.0
775.0 486.0
807.0 593.0
915.0 647.0
1043.0 638.0
1102.0 601.0
1204.0 585.0
1295.0 579.0
1330.0 482.0
1361.0 363.0
1362.0 175.0
1374.0 76.0
1425.0 38.0
1494.0 24.0
1574.0 30.0
1603.0 51.0
1615.0 88.0
1625.0 146.0
1620.0 219.0
1579.0 275.0
1542.0 310.0
1507.0 356.0
1509.0 396.0
1520.0 441.0
1551.0 478.0
1599.0 508.0
1629.0 544.0
1649.0 613.0
1643.0 672.0
1578.0 723.0
1550.0 769.0
1544.0 811.0
1535.0 866.0
1509.0 916.0
1462.0 947.0
1383.0 952.0
1291.0 895.0
1259.0 797.0
1214.0 725.0
1144.0 734.0
1100.0 785.0
1078.0 827.0
1027.0 856.0
443.0 889.0
264.0 844.0
145.0 759.0
73.0 653.0
43.0 521.0
50.0 412.0
94.0 336.0
154.0 307.0
206.0 336.0
239.0 399.0
238.0 452.0
252.0 521.0
271.0 585.0
333.0 669.0
381.0 696.0
449.0 711.0
504.0 704.0
559.0 628.0
550.0 556.0
516.0 483.0
458.0 464.0
375.0 413.0
348.0 331.0
303.0 265.0
222.0 238.0
157.0 232.0
77.0 165.0
94.0 98.0
148.0 60.0
224.0 54.0
292.0 100.0
372.0 159.0
