Size: 432
443.0 406.0
740.0 278.0
1056.0 223.0
1501.0 221.0
1676.0 281.0
1946.0 385.0
2231.0 307.0
2428.0 204.0
2656.0 207.0
2970.0 228.0
3089.0 228.0
3204.0 233.0
3314.0 267.0
3409.0 319.0
3514.0 395.0
3604.0 476.0
3700.0 562.0
3833.0 634.0
3943.0 672.0
4110.0 705.0
4267.0 734.0
4425.0 748.0
4587.0 767.0
4720.0 767.0
4887.0 767.0
5021.0 724.0
5149.0 667.0
5259.0 619.0
5388.0 567.0
5517.0 519.0
5650.0 510.0
5798.0 510.0
5888.0 538.0
5989.0 605.0
6060.0 691.0
6089.0 791.0
6084.0 905.0
6046.0 1020.0
5974.0 1125.0
5869.0 1201.0
5741.0 1249.0
5631.0 1273.0
5488.0 1273.0
5383.0 1258.0
5288.0 1230.0
5192.0 1187.0
5040.0 1144.0
4925.0 1120.0
4801.0 1115.0
4677.0 1130.0
4587.0 1163.0
4501.0 1239.0
4458.0 1330.0
4458.0 1449.0
4529.0 1583.0
4625.0 1668.0
4763.0 1740.0
4901.0 1769.0
5054.0 1783.0
5197.0 1783.0
5354.0 1783.0
5536.0 1783.0
5717.0 1764.0
5860.0 1730.0
6003.0 1692.0
6113.0 1645.0
6213.0 1597.0
6337.0 1502.0
6475.0 1397.0
6613.0 1263.0
6766.0 1134.0
6914.0 1029.0
7057.0 910.0
7176.0 824.0
7276.0 772.0
7414.0 720.0
7572.0 715.0
7696.0 748.0
7824.0 820.0
7910.0 863.0
8015.0 958.0
8072.0 1034.0
8096.0 1163.0
8101.0 1339.0
8101.0 1473.0
8077.0 1640.0
8029.0 1811.0
8006.0 1959.0
7977.0 2079.0
7915.0 2222.0
7853.0 2307.0
7715.0 2446.0
7586.0 2536.0
7405.0 2641.0
7252.0 2689.0
7123.0 2722.0
7014.0 2746.0
6895.0 2756.0
6756.0 2779.0
6594.0 2803.0
6437.0 2803.0
6294.0 2803.0
6165.0 2803.0
6046.0 2803.0
5908.0 2789.0
5755.0 2770.0
5621.0 2751.0
5521.0 2717.0
5416.0 2684.0
5292.0 2641.0
5168.0 2579.0
5030.0 2508.0
4906.0 2436.0
4801.0 2379.0
4706.0 2317.0
4582.0 2226.0
4477.0 2126.0
4396.0 2026.0
4329.0 1912.0
4281.0 1821.0
4229.0 1716.0
4177.0 1635.0
4100.0 1540.0
3991.0 1454.0
3881.0 1363.0
3781.0 1292.0
3662.0 1206.0
3547.0 1144.0
3442.0 1106.0
3328.0 1087.0
3190.0 1082.0
3094.0 1096.0
2970.0 1173.0
2894.0 1244.0
2851.0 1339.0
2827.0 1525.0
2827.0 1645.0
2856.0 1802.0
2923.0 1964.0
3027.0 2136.0
3113.0 2236.0
3170.0 2355.0
3242.0 2484.0
3314.0 2565.0
3390.0 2632.0
3490.0 2722.0
3623.0 2818.0
3762.0 2908.0
3938.0 3046.0
4119.0 3156.0
4320.0 3256.0
4510.0 3333.0
4715.0 3404.0
4892.0 3461.0
5130.0 3509.0
5373.0 3547.0
5574.0 3590.0
5774.0 3609.0
5950.0 3633.0
6108.0 3633.0
6260.0 3633.0
6437.0 3647.0
6623.0 3666.0
6785.0 3666.0
6942.0 3666.0
7076.0 3666.0
7181.0 3666.0
7319.0 3623.0
7457.0 3585.0
7567.0 3547.0
7658.0 3499.0
8766.0 2945.0
8870.0 2712.0
8929.0 2444.0
8963.0 2165.0
9010.0 1851.0
9057.0 1606.0
9138.0 1315.0
9289.0 1047.0
9452.0 838.0
9709.0 675.0
9965.0 605.0
10302.0 547.0
10558.0 547.0
10814.0 558.0
11036.0 651.0
11234.0 873.0
11280.0 1117.0
11292.0 1350.0
11245.0 1606.0
11152.0 1839.0
11012.0 2037.0
10814.0 2281.0
10628.0 2584.0
10489.0 2898.0
10430.0 3131.0
10384.0 3434.0
10384.0 3748.0
10454.0 4039.0
10675.0 4330.0
10977.0 4447.0
11303.0 4447.0
11548.0 4353.0
11769.0 4225.0
11979.0 4039.0
12165.0 3795.0
12305.0 3562.0
12444.0 3364.0
12700.0 3178.0
12968.0 3085.0
13341.0 3085.0
13585.0 3166.0
13853.0 3376.0
13993.0 3597.0
14074.0 3853.0
14132.0 4190.0
14051.0 4551.0
13923.0 4796.0
13795.0 5017.0
13574.0 5261.0
13294.0 5390.0
13003.0 5459.0
12759.0 5506.0
12479.0 5529.0
12165.0 5541.0
11816.0 5541.0
11466.0 5518.0
11106.0 5448.0
10745.0 5308.0
10430.0 5180.0
10128.0 4970.0
9848.0 4784.0
9569.0 4563.0
9313.0 4423.0
8963.0 4272.0
8346.0 4295.0
7776.0 4423.0
7578.0 4575.0
7427.0 4761.0
7380.0 4994.0
7380.0 5273.0
7473.0 5529.0
7660.0 5809.0
7846.0 5983.0
8055.0 6123.0
8265.0 6228.0
8614.0 6321.0
8859.0 6344.0
9092.0 6391.0
9394.0 6437.0
10419.0 6484.0
10663.0 6449.0
10896.0 6449.0
11234.0 6449.0
11641.0 6449.0
11897.0 6449.0
12246.0 6554.0
12526.0 6658.0
12782.0 6775.0
13003.0 6868.0
13259.0 7054.0
13411.0 7299.0
13469.0 7590.0
13469.0 7823.0
13469.0 8079.0
13387.0 8323.0
13213.0 8486.0
12968.0 8521.0
12677.0 8544.0
12421.0 8451.0
12153.0 8312.0
11979.0 8137.0
11781.0 7881.0
11560.0 7683.0
11234.0 7566.0
10919.0 7532.0
10582.0 7555.0
10291.0 7660.0
10081.0 7823.0
9941.0 8032.0
9918.0 8346.0
9988.0 8661.0
10197.0 8917.0
10465.0 9103.0
10768.0 9220.0
11129.0 9313.0
11455.0 9476.0
11641.0 9685.0
11769.0 10035.0
11816.0 10314.0
11816.0 10593.0
11688.0 10838.0
11455.0 11082.0
11164.0 11338.0
10733.0 11397.0
10419.0 11373.0
10128.0 11315.0
9790.0 11210.0
9464.0 11059.0
9231.0 10896.0
8963.0 10628.0
8789.0 10337.0
8684.0 10058.0
8626.0 9790.0
8626.0 9452.0
8626.0 9080.0
8626.0 8800.0
8591.0 8428.0
8498.0 8172.0
8312.0 7916.0
7997.0 7695.0
7683.0 7555.0
7392.0 7450.0
7054.0 7322.0
6693.0 7241.0
6391.0 7159.0
6076.0 7112.0
5762.0 7054.0
5483.0 6973.0
5215.0 6845.0
5110.0 6589.0
5098.0 6356.0
5098.0 6065.0
5098.0 5762.0
5192.0 5436.0
5273.0 5145.0
5343.0 4842.0
5308.0 4598.0
5110.0 4435.0
4912.0 4307.0
4668.0 4167.0
4377.0 4074.0
4051.0 3969.0
3725.0 3911.0
3434.0 3841.0
3189.0 3702.0
3015.0 3515.0
2875.0 3306.0
2747.0 3050.0
2572.0 2735.0
2351.0 2619.0
2048.0 2537.0
1804.0 2491.0
1525.0 2514.0
1268.0 2642.0
1082.0 2817.0
966.0 3061.0
942.0 3329.0
966.0 3585.0
1187.0 3876.0
1455.0 4051.0
1757.0 4249.0
2048.0 4388.0
2433.0 4551.0
2724.0 4703.0
3003.0 4936.0
3236.0 5180.0
3422.0 5424.0
3515.0 5715.0
3539.0 5948.0
3504.0 6204.0
3387.0 6426.0
3282.0 6647.0
3247.0 6926.0
3247.0 7229.0
3259.0 7485.0
3410.0 7683.0
3655.0 7892.0
3923.0 8067.0
4225.0 8230.0
4563.0 8358.0
4796.0 8416.0
5122.0 8521.0
5331.0 8638.0
5587.0 8835.0
5809.0 9068.0
6018.0 9243.0
6298.0 9476.0
6484.0 9674.0
6705.0 9941.0
6728.0 10302.0
6728.0 10535.0
6565.0 10814.0
6414.0 11024.0
6170.0 11164.0
5855.0 11199.0
5553.0 11199.0
5273.0 11164.0
4994.0 11082.0
4621.0 10966.0
4342.0 10861.0
4132.0 10628.0
4027.0 10291.0
3911.0 9976.0
3795.0 9709.0
3667.0 9511.0
3492.0 9289.0
3213.0 9092.0
2933.0 8940.0
2596.0 8859.0
2293.0 8859.0
1967.0 8859.0
1711.0 8789.0
1478.0 8638.0
1292.0 8451.0
1164.0 8172.0
1129.0 7904.0
1140.0 7601.0
1222.0 7369.0
1327.0 7078.0
1420.0 6845.0
1513.0 6542.0
1513.0 6274.0
1420.0 5960.0
1292.0 5715.0
1164.0 5494.0
908.0 5250.0
675.0 5098.0
454.0 4924.0
184.0 4309.0
214.0 3623.0
447.0 3254.0
357.0 2491.0
476.0 1895.0
309.0 1496.0
119.0 1037.0
140.0 789.0
138.0 681.0
152.0 615.0
183.0 564.0
248.0 509.0
328.0 474.0
