Size: 363
927.0 542.0
903.0 545.0
875.0 545.0
845.0 539.0
827.0 525.0
814.0 504.0
804.0 479.0
804.0 445.0
810.0 417.0
823.0 396.0
845.0 377.0
867.0 366.0
895.0 358.0
919.0 357.0
952.0 357.0
980.0 357.0
1008.0 359.0
1036.0 368.0
1066.0 377.0
1089.0 391.0
1104.0 407.0
1110.0 429.0
1113.0 451.0
1114.0 481.0
1114.0 506.0
1111.0 531.0
1106.0 560.0
1095.0 590.0
1085.0 612.0
1069.0 637.0
1052.0 656.0
1024.0 671.0
991.0 682.0
956.0 690.0
921.0 699.0
874.0 708.0
851.0 714.0
830.0 714.0
798.0 714.0
768.0 714.0
746.0 714.0
716.0 710.0
689.0 696.0
666.0 678.0
649.0 649.0
640.0 623.0
633.0 594.0
626.0 570.0
622.0 537.0
621.0 510.0
621.0 481.0
626.0 451.0
641.0 416.0
649.0 391.0
663.0 365.0
676.0 343.0
701.0 324.0
724.0 311.0
742.0 302.0
765.0 290.0
794.0 281.0
823.0 273.0
857.0 261.0
891.0 254.0
926.0 247.0
964.0 240.0
1001.0 236.0
1029.0 234.0
1062.0 234.0
1100.0 234.0
1135.0 234.0
1159.0 236.0
1179.0 239.0
1201.0 248.0
1222.0 266.0
1235.0 286.0
1243.0 306.0
1254.0 341.0
1262.0 367.0
1267.0 393.0
1270.0 416.0
1274.0 442.0
1275.0 465.0
1275.0 492.0
1277.0 519.0
1277.0 546.0
1277.0 574.0
1277.0 600.0
1277.0 627.0
1272.0 654.0
1261.0 686.0
1238.0 720.0
1217.0 742.0
1189.0 755.0
1155.0 773.0
1124.0 784.0
1101.0 788.0
1075.0 792.0
1041.0 798.0
1000.0 804.0
955.0 807.0
889.0 814.0
826.0 819.0
767.0 825.0
711.0 825.0
678.0 825.0
647.0 821.0
618.0 815.0
592.0 807.0
561.0 796.0
530.0 787.0
507.0 771.0
487.0 757.0
467.0 737.0
451.0 705.0
444.0 676.0
441.0 642.0
435.0 604.0
435.0 567.0
435.0 531.0
441.0 493.0
448.0 443.0
455.0 400.0
465.0 362.0
476.0 329.0
494.0 301.0
514.0 272.0
532.0 246.0
550.0 219.0
570.0 199.0
595.0 182.0
637.0 162.0
690.0 135.0
735.0 117.0
775.0 110.0
819.0 110.0
888.0 110.0
956.0 110.0
1027.0 110.0
1098.0 110.0
1167.0 110.0
1234.0 110.0
1295.0 110.0
1336.0 114.0
1368.0 124.0
1389.0 136.0
1408.0 159.0
1424.0 179.0
1435.0 198.0
1447.0 224.0
1459.0 260.0
1467.0 299.0
1475.0 337.0
1481.0 387.0
1485.0 430.0
1487.0 474.0
1487.0 525.0
1487.0 560.0
1487.0 591.0
1487.0 623.0
1487.0 653.0
1487.0 679.0
1482.0 733.0
1476.0 764.0
1465.0 795.0
1433.0 829.0
1394.0 852.0
1355.0 873.0
1316.0 885.0
1269.0 893.0
1227.0 899.0
1175.0 905.0
1124.0 909.0
1057.0 911.0
980.0 911.0
897.0 913.0
842.0 913.0
803.0 913.0
762.0 913.0
737.0 914.0
700.0 912.0
629.0 907.0
582.0 900.0
550.0 892.0
510.0 884.0
464.0 882.0
431.0 876.0
410.0 871.0
382.0 861.0
351.0 850.0
325.0 834.0
301.0 813.0
290.0 787.0
275.0 739.0
249.0 682.0
241.0 629.0
241.0 581.0
241.0 539.0
241.0 500.0
250.0 454.0
260.0 391.0
278.0 329.0
294.0 276.0
312.0 230.0
336.0 189.0
370.0 102.0
446.0 26.0
535.0 3.0
720.0 7.0
928.0 5.0
1153.0 6.0
1369.0 3.0
1535.0 14.0
1680.0 15.0
1755.0 33.0
1787.0 73.0
1790.0 139.0
1792.0 159.0
1793.0 183.0
1793.0 205.0
1793.0 231.0
1791.0 764.0
1788.0 784.0
1782.0 805.0
1773.0 823.0
1757.0 836.0
1736.0 843.0
1713.0 843.0
1690.0 843.0
1669.0 842.0
1648.0 835.0
1631.0 823.0
1617.0 803.0
1606.0 784.0
1601.0 764.0
1601.0 738.0
1602.0 715.0
1605.0 694.0
1607.0 673.0
1610.0 653.0
1616.0 631.0
1622.0 611.0
1630.0 587.0
1636.0 564.0
1640.0 541.0
1645.0 517.0
1650.0 496.0
1652.0 476.0
1656.0 452.0
1660.0 427.0
1665.0 398.0
1666.0 370.0
1666.0 343.0
1666.0 321.0
1663.0 297.0
1661.0 274.0
1655.0 245.0
1648.0 219.0
1636.0 197.0
1622.0 178.0
1608.0 155.0
1597.0 137.0
1578.0 122.0
1555.0 111.0
1536.0 100.0
1517.0 91.0
1495.0 81.0
1475.0 77.0
1449.0 75.0
1425.0 72.0
1405.0 68.0
1383.0 67.0
1357.0 63.0
1332.0 60.0
1310.0 60.0
1288.0 56.0
1263.0 56.0
1240.0 56.0
1218.0 56.0
1197.0 56.0
1175.0 56.0
1147.0 56.0
1120.0 56.0
1097.0 56.0
1063.0 56.0
1042.0 56.0
1019.0 56.0
997.0 56.0
973.0 56.0
945.0 56.0
916.0 56.0
895.0 56.0
869.0 56.0
838.0 56.0
807.0 56.0
786.0 58.0
761.0 58.0
740.0 61.0
703.0 69.0
673.0 76.0
653.0 81.0
627.0 87.0
607.0 92.0
550.0 106.0
529.0 111.0
510.0 119.0
487.0 134.0
426.0 194.0
404.0 259.0
375.0 316.0
354.0 395.0
344.0 462.0
339.0 539.0
345.0 620.0
366.0 725.0
399.0 778.0
472.0 828.0
571.0 858.0
704.0 877.0
822.0 871.0
994.0 871.0
1144.0 847.0
1249.0 823.0
1336.0 789.0
1360.0 735.0
1375.0 649.0
1371.0 518.0
1362.0 341.0
1338.0 259.0
1292.0 199.0
1187.0 168.0
1101.0 168.0
974.0 168.0
870.0 180.0
715.0 205.0
652.0 246.0
590.0 316.0
535.0 421.0
534.0 583.0
547.0 679.0
625.0 739.0
720.0 771.0
881.0 766.0
1055.0 743.0
1126.0 710.0
1169.0 655.0
1188.0 589.0
1191.0 492.0
1180.0 410.0
1146.0 332.0
1074.0 293.0
921.0 300.0
821.0 329.0
731.0 382.0
713.0 505.0
742.0 596.0
847.0 643.0
948.0 633.0
980.0 609.0
990.0 573.0
980.0 545.0
956.0 532.0
935.0 545.0
