Size: 72
294.0 85.0
1606.0 76.0
1644.0 110.0
1657.0 131.0
1657.0 152.0
1648.0 173.0
1631.0 191.0
1611.0 196.0
308.0 188.0
279.0 208.0
255.0 215.0
237.0 228.0
223.0 247.0
214.0 272.0
213.0 295.0
217.0 320.0
236.0 336.0
257.0 343.0
282.0 347.0
307.0 347.0
1608.0 321.0
1635.0 321.0
1658.0 324.0
1681.0 333.0
1709.0 351.0
1722.0 376.0
1728.0 401.0
1729.0 421.0
1729.0 443.0
1720.0 465.0
1704.0 486.0
1680.0 496.0
1659.0 498.0
416.0 524.0
395.0 524.0
374.0 514.0
362.0 495.0
350.0 476.0
328.0 467.0
307.0 465.0
284.0 471.0
269.0 488.0
262.0 511.0
261.0 536.0
265.0 556.0
271.0 579.0
287.0 594.0
308.0 600.0
396.0 643.0
1675.0 635.0
1693.0 648.0
1712.0 665.0
1724.0 684.0
1738.0 711.0
1737.0 737.0
1732.0 765.0
1718.0 787.0
1703.0 801.0
1683.0 815.0
1666.0 826.0
312.0 884.0
285.0 884.0
260.0 873.0
239.0 863.0
220.0 846.0
203.0 828.0
189.0 813.0
176.0 794.0
166.0 775.0
58.0 262.0
148.0 118.0
294.0 85.0
