Size: 274
347.0 360.0
780.0 217.0
1306.0 254.0
1377.0 314.0
1415.0 355.0
1452.0 385.0
1465.0 405.0
1473.0 435.0
1475.0 460.0
1469.0 490.0
1459.0 509.0
1446.0 526.0
1420.0 536.0
1391.0 541.0
1360.0 542.0
1338.0 534.0
1319.0 517.0
1302.0 501.0
1280.0 483.0
1258.0 465.0
1241.0 453.0
1219.0 438.0
1194.0 423.0
1173.0 414.0
1154.0 407.0
1128.0 403.0
1095.0 400.0
1071.0 397.0
1048.0 397.0
1013.0 397.0
990.0 397.0
958.0 397.0
934.0 397.0
912.0 409.0
894.0 425.0
881.0 445.0
873.0 469.0
873.0 490.0
874.0 511.0
881.0 531.0
895.0 552.0
914.0 570.0
937.0 586.0
960.0 597.0
998.0 610.0
1022.0 619.0
1044.0 628.0
1069.0 634.0
1098.0 643.0
1128.0 650.0
1157.0 657.0
1179.0 663.0
1205.0 666.0
1236.0 672.0
1257.0 676.0
1279.0 680.0
1312.0 683.0
1351.0 686.0
1373.0 688.0
1398.0 687.0
1423.0 685.0
1453.0 683.0
1474.0 679.0
1505.0 670.0
1525.0 659.0
1548.0 645.0
1571.0 628.0
1591.0 603.0
1609.0 575.0
1632.0 535.0
1655.0 474.0
1676.0 425.0
1682.0 392.0
1686.0 345.0
1686.0 317.0
1686.0 290.0
1681.0 262.0
1668.0 228.0
1655.0 206.0
1635.0 181.0
1614.0 161.0
1588.0 141.0
1569.0 129.0
1546.0 120.0
1516.0 110.0
1474.0 103.0
1450.0 99.0
1419.0 96.0
1394.0 93.0
1357.0 93.0
1311.0 93.0
1269.0 93.0
1230.0 92.0
1201.0 92.0
1165.0 88.0
1126.0 86.0
1098.0 86.0
1066.0 86.0
1035.0 84.0
1013.0 84.0
987.0 84.0
955.0 81.0
929.0 77.0
899.0 74.0
863.0 70.0
836.0 70.0
807.0 66.0
772.0 66.0
749.0 66.0
722.0 66.0
683.0 66.0
661.0 66.0
624.0 68.0
582.0 74.0
538.0 79.0
490.0 87.0
468.0 92.0
447.0 98.0
421.0 105.0
393.0 116.0
370.0 128.0
337.0 144.0
312.0 154.0
281.0 165.0
246.0 178.0
228.0 187.0
194.0 205.0
175.0 223.0
152.0 258.0
139.0 278.0
129.0 301.0
118.0 327.0
109.0 349.0
98.0 376.0
94.0 405.0
87.0 428.0
83.0 456.0
78.0 488.0
78.0 524.0
78.0 557.0
83.0 583.0
89.0 610.0
96.0 632.0
104.0 653.0
116.0 681.0
127.0 706.0
141.0 727.0
155.0 743.0
168.0 761.0
192.0 782.0
211.0 797.0
231.0 809.0
265.0 827.0
292.0 838.0
320.0 849.0
343.0 859.0
375.0 870.0
398.0 878.0
431.0 887.0
455.0 892.0
501.0 903.0
522.0 905.0
560.0 905.0
593.0 905.0
625.0 908.0
686.0 910.0
715.0 912.0
744.0 914.0
778.0 916.0
809.0 918.0
830.0 921.0
859.0 925.0
882.0 926.0
910.0 931.0
933.0 932.0
953.0 935.0
982.0 937.0
1009.0 941.0
1034.0 945.0
1064.0 948.0
1084.0 952.0
1104.0 953.0
1132.0 957.0
1160.0 957.0
1187.0 957.0
1207.0 954.0
1227.0 949.0
1243.0 935.0
1248.0 914.0
1250.0 893.0
1250.0 870.0
1250.0 848.0
1246.0 825.0
1237.0 803.0
1228.0 784.0
1212.0 770.0
1193.0 762.0
1171.0 755.0
1151.0 750.0
1129.0 747.0
1107.0 743.0
1083.0 740.0
1063.0 737.0
1043.0 734.0
1022.0 734.0
1002.0 735.0
979.0 737.0
951.0 742.0
927.0 745.0
907.0 748.0
884.0 751.0
858.0 756.0
832.0 758.0
809.0 758.0
791.0 747.0
775.0 732.0
759.0 717.0
751.0 695.0
745.0 674.0
742.0 649.0
740.0 629.0
743.0 605.0
750.0 581.0
755.0 561.0
761.0 540.0
766.0 519.0
766.0 494.0
766.0 469.0
765.0 446.0
752.0 430.0
735.0 418.0
712.0 408.0
692.0 400.0
668.0 393.0
644.0 390.0
619.0 390.0
597.0 391.0
576.0 395.0
557.0 407.0
545.0 424.0
536.0 443.0
530.0 466.0
522.0 491.0
518.0 518.0
516.0 540.0
513.0 564.0
507.0 591.0
500.0 614.0
491.0 635.0
480.0 654.0
464.0 671.0
442.0 678.0
421.0 682.0
397.0 686.0
373.0 687.0
347.0 687.0
324.0 679.0
300.0 671.0
282.0 660.0
266.0 645.0
246.0 628.0
233.0 609.0
222.0 589.0
212.0 563.0
205.0 538.0
202.0 514.0
201.0 494.0
201.0 465.0
201.0 443.0
203.0 421.0
216.0 402.0
234.0 390.0
254.0 382.0
342.0 363.0
