Size: 118
242.0 166.0
242.0 166.0
268.0 158.0
294.0 152.0
316.0 147.0
349.0 143.0
375.0 141.0
404.0 138.0
436.0 137.0
476.0 137.0
503.0 138.0
527.0 138.0
548.0 138.0
574.0 137.0
598.0 137.0
621.0 136.0
645.0 147.0
661.0 173.0
662.0 209.0
659.0 229.0
659.0 253.0
662.0 273.0
670.0 297.0
674.0 317.0
686.0 335.0
704.0 353.0
723.0 363.0
745.0 368.0
766.0 368.0
788.0 368.0
812.0 360.0
835.0 360.0
855.0 357.0
876.0 351.0
896.0 341.0
916.0 333.0
935.0 325.0
955.0 320.0
978.0 319.0
999.0 319.0
1020.0 319.0
1043.0 323.0
1063.0 331.0
1082.0 347.0
1099.0 359.0
1115.0 372.0
1132.0 383.0
1139.0 403.0
1148.0 427.0
1160.0 447.0
1169.0 469.0
1176.0 492.0
1180.0 512.0
1180.0 536.0
1180.0 558.0
1180.0 579.0
1169.0 597.0
1159.0 615.0
1150.0 634.0
1146.0 657.0
1137.0 678.0
1124.0 696.0
1109.0 713.0
1090.0 723.0
1068.0 728.0
1047.0 727.0
1026.0 722.0
1006.0 717.0
990.0 702.0
975.0 684.0
962.0 665.0
936.0 650.0
916.0 648.0
890.0 654.0
869.0 662.0
847.0 671.0
828.0 681.0
808.0 688.0
786.0 695.0
762.0 695.0
739.0 695.0
716.0 695.0
691.0 695.0
650.0 695.0
624.0 690.0
600.0 684.0
582.0 675.0
553.0 666.0
528.0 659.0
497.0 659.0
473.0 659.0
443.0 659.0
417.0 659.0
396.0 656.0
374.0 645.0
350.0 635.0
334.0 614.0
331.0 594.0
331.0 573.0
332.0 549.0
342.0 529.0
347.0 507.0
325.0 482.0
293.0 468.0
273.0 463.0
254.0 447.0
251.0 423.0
234.0 397.0
217.0 373.0
203.0 354.0
199.0 329.0
203.0 307.0
216.0 290.0
229.0 268.0
234.0 245.0
226.0 220.0
222.0 195.0
230.0 176.0
