Size: 283
104.0 49.0
659.0 52.0
779.0 61.0
811.0 122.0
789.0 164.0
689.0 192.0
587.0 192.0
513.0 174.0
425.0 147.0
363.0 159.0
341.0 168.0
309.0 181.0
287.0 192.0
271.0 208.0
263.0 228.0
258.0 251.0
246.0 276.0
251.0 305.0
264.0 326.0
279.0 342.0
294.0 361.0
309.0 383.0
329.0 399.0
352.0 409.0
375.0 416.0
399.0 418.0
419.0 414.0
439.0 409.0
458.0 400.0
478.0 394.0
498.0 393.0
522.0 401.0
544.0 414.0
567.0 432.0
593.0 439.0
616.0 442.0
644.0 444.0
667.0 444.0
685.0 434.0
708.0 422.0
721.0 405.0
734.0 387.0
749.0 364.0
760.0 347.0
776.0 329.0
792.0 314.0
813.0 302.0
837.0 291.0
855.0 282.0
873.0 272.0
899.0 260.0
921.0 246.0
940.0 230.0
960.0 210.0
974.0 192.0
993.0 170.0
1015.0 148.0
1032.0 134.0
1053.0 119.0
1074.0 105.0
1099.0 92.0
1121.0 84.0
1149.0 76.0
1173.0 74.0
1196.0 74.0
1214.0 89.0
1225.0 107.0
1238.0 132.0
1248.0 152.0
1250.0 173.0
1250.0 194.0
1242.0 218.0
1231.0 240.0
1215.0 263.0
1197.0 285.0
1175.0 302.0
1155.0 318.0
1142.0 334.0
1131.0 352.0
1117.0 377.0
1110.0 397.0
1110.0 424.0
1119.0 442.0
1134.0 459.0
1157.0 478.0
1179.0 489.0
1207.0 497.0
1232.0 502.0
1258.0 509.0
1279.0 512.0
1303.0 512.0
1331.0 512.0
1361.0 501.0
1386.0 489.0
1407.0 475.0
1423.0 457.0
1435.0 435.0
1447.0 417.0
1458.0 388.0
1468.0 359.0
1480.0 315.0
1491.0 282.0
1495.0 256.0
1505.0 221.0
1511.0 199.0
1524.0 171.0
1537.0 153.0
1551.0 138.0
1569.0 122.0
1591.0 107.0
1615.0 100.0
1635.0 99.0
1665.0 99.0
1687.0 106.0
1710.0 115.0
1733.0 129.0
1745.0 146.0
1754.0 171.0
1760.0 194.0
1762.0 215.0
1766.0 246.0
1768.0 278.0
1769.0 301.0
1769.0 326.0
1769.0 349.0
1769.0 374.0
1768.0 398.0
1761.0 427.0
1752.0 453.0
1748.0 475.0
1742.0 505.0
1736.0 536.0
1733.0 563.0
1731.0 583.0
1728.0 603.0
1728.0 638.0
1728.0 666.0
1730.0 689.0
1730.0 724.0
1729.0 749.0
1727.0 770.0
1725.0 791.0
1724.0 816.0
1715.0 840.0
1700.0 866.0
1686.0 884.0
1668.0 894.0
1648.0 899.0
1627.0 900.0
1603.0 902.0
1581.0 896.0
1568.0 877.0
1561.0 852.0
1557.0 832.0
1557.0 804.0
1557.0 778.0
1557.0 757.0
1557.0 727.0
1557.0 699.0
1551.0 673.0
1533.0 658.0
1505.0 654.0
1480.0 654.0
1458.0 656.0
1438.0 662.0
1415.0 670.0
1394.0 686.0
1374.0 707.0
1362.0 726.0
1351.0 744.0
1339.0 762.0
1326.0 780.0
1309.0 791.0
1289.0 802.0
1267.0 810.0
1232.0 820.0
1207.0 820.0
1188.0 813.0
1169.0 802.0
1153.0 783.0
1141.0 763.0
1132.0 736.0
1130.0 713.0
1130.0 691.0
1130.0 661.0
1126.0 635.0
1118.0 616.0
1108.0 597.0
1092.0 577.0
1077.0 563.0
1059.0 554.0
1031.0 544.0
1012.0 537.0
989.0 534.0
970.0 543.0
956.0 558.0
942.0 577.0
933.0 600.0
926.0 624.0
920.0 647.0
913.0 672.0
910.0 692.0
907.0 715.0
902.0 742.0
898.0 762.0
891.0 781.0
878.0 797.0
859.0 813.0
835.0 826.0
803.0 841.0
767.0 850.0
748.0 857.0
709.0 867.0
688.0 868.0
668.0 864.0
647.0 843.0
637.0 824.0
632.0 803.0
631.0 775.0
635.0 744.0
643.0 722.0
653.0 699.0
663.0 675.0
673.0 653.0
679.0 631.0
680.0 608.0
670.0 588.0
650.0 575.0
631.0 567.0
604.0 560.0
583.0 558.0
554.0 558.0
534.0 570.0
515.0 584.0
499.0 609.0
488.0 653.0
477.0 678.0
468.0 704.0
459.0 731.0
446.0 762.0
425.0 787.0
414.0 807.0
394.0 824.0
365.0 824.0
315.0 820.0
288.0 820.0
268.0 816.0
249.0 807.0
235.0 792.0
227.0 771.0
226.0 749.0
226.0 726.0
234.0 699.0
244.0 677.0
251.0 649.0
252.0 628.0
249.0 606.0
238.0 576.0
228.0 558.0
207.0 532.0
193.0 515.0
172.0 493.0
161.0 476.0
151.0 458.0
142.0 438.0
128.0 413.0
116.0 395.0
107.0 376.0
98.0 356.0
89.0 331.0
81.0 311.0
71.0 288.0
61.0 263.0
47.0 237.0
38.0 214.0
31.0 193.0
25.0 171.0
19.0 151.0
19.0 129.0
20.0 103.0
24.0 80.0
37.0 63.0
73.0 51.0
