Size: 174
297.0 240.0
836.0 174.0
1490.0 340.0
1614.0 504.0
1608.0 679.0
1576.0 757.0
1565.0 775.0
1550.0 790.0
1531.0 804.0
1513.0 814.0
1493.0 824.0
1471.0 834.0
1446.0 839.0
1417.0 841.0
1392.0 841.0
1356.0 841.0
1324.0 839.0
1299.0 834.0
1268.0 817.0
1245.0 799.0
1223.0 783.0
1206.0 762.0
1196.0 741.0
1191.0 707.0
1191.0 680.0
1197.0 659.0
1210.0 637.0
1233.0 627.0
1259.0 619.0
1284.0 614.0
1306.0 611.0
1328.0 608.0
1360.0 601.0
1384.0 588.0
1401.0 570.0
1411.0 548.0
1412.0 525.0
1404.0 506.0
1388.0 491.0
1365.0 477.0
1337.0 467.0
1306.0 462.0
1263.0 456.0
1236.0 453.0
1204.0 449.0
1181.0 449.0
1159.0 447.0
1138.0 446.0
1114.0 442.0
1081.0 437.0
1053.0 432.0
1017.0 418.0
988.0 408.0
968.0 399.0
949.0 388.0
907.0 371.0
886.0 364.0
862.0 355.0
830.0 344.0
803.0 335.0
767.0 329.0
729.0 329.0
702.0 329.0
677.0 334.0
645.0 347.0
623.0 357.0
605.0 367.0
587.0 388.0
569.0 414.0
556.0 447.0
554.0 478.0
573.0 499.0
613.0 506.0
650.0 507.0
677.0 505.0
704.0 505.0
744.0 503.0
778.0 501.0
814.0 501.0
851.0 501.0
885.0 506.0
907.0 511.0
936.0 519.0
953.0 532.0
964.0 550.0
969.0 575.0
969.0 605.0
969.0 637.0
969.0 662.0
966.0 692.0
969.0 718.0
982.0 742.0
1013.0 773.0
1034.0 791.0
1057.0 811.0
1094.0 849.0
1103.0 874.0
1103.0 902.0
1093.0 920.0
1075.0 934.0
1048.0 943.0
1025.0 944.0
992.0 944.0
969.0 947.0
934.0 951.0
907.0 953.0
881.0 946.0
818.0 936.0
776.0 931.0
713.0 934.0
694.0 927.0
659.0 924.0
628.0 919.0
603.0 917.0
550.0 921.0
525.0 927.0
504.0 928.0
480.0 928.0
459.0 926.0
434.0 921.0
413.0 918.0
383.0 911.0
358.0 904.0
336.0 896.0
313.0 886.0
289.0 874.0
267.0 861.0
245.0 849.0
225.0 835.0
206.0 820.0
193.0 803.0
182.0 780.0
176.0 760.0
174.0 736.0
177.0 712.0
199.0 694.0
220.0 686.0
248.0 682.0
270.0 682.0
290.0 685.0
318.0 687.0
346.0 687.0
370.0 682.0
392.0 674.0
416.0 661.0
433.0 649.0
445.0 630.0
445.0 605.0
440.0 582.0
423.0 559.0
402.0 547.0
378.0 536.0
346.0 525.0
326.0 521.0
292.0 510.0
271.0 499.0
237.0 481.0
213.0 472.0
194.0 462.0
172.0 448.0
157.0 434.0
142.0 417.0
126.0 403.0
115.0 381.0
107.0 357.0
103.0 336.0
112.0 316.0
131.0 303.0
150.0 287.0
169.0 276.0
191.0 269.0
217.0 263.0
242.0 260.0
294.0 244.0
